0.0000
1265.82947673179
1349.89388781474
1600.13871073100
1375.44415572469
715.521335426932
734.290409513419
224.406713901293
2803.37008570364
1626.69203548716
1659.88683601039
-1449.54736010972
323.528801573729
484.820100440530
-993.568051759495
-1266.48497071842
1012.37154599804
1599.36744902854
1486.63472406492
992.927116658124
1550.93856989473
1257.88448021927
562.198749240808
-688.718907345317
978.126013226852
-1743.70031908035
-1865.43069577331
-1595.70806140372
-1922.78503856310
-42.7910149194725
-1577.61370627747
-199.376514576144
