2351.62936114605
526.097848270178 
846.265697970480 
-756.142433894808
1659.15802826194 
636.988741352016 
-870.887117799039
-1237.86350263971
980.356229737459 
-1235.45587096016
-1248.99695647515
-1135.12524272810
-1973.47073357811
-1879.31172895902
-2111.91556503878
-12.1919447153081
1731.28878910175 
-1259.96322848192
-1667.07103565879
-1601.08430192910
-768.286960159439
-759.208375009144
-1677.18314816119
-1601.35591064187
-2046.22007641693
-1391.02766533078
375.836691402438 
767.529521106443 
-1377.56705204475
-1997.87755775848
1268.36443311269 
1617.42339653001 
